#[ BUILDING BLOCKS ]
1 PUB
2 PUI
3 PUI
4 PUI
5 PUI
6 PUI
7 PUI
8 PUI
9 PUI
10 PUI
11 PUI
12 PUI
13 PUI
14 PUI
15 PUI
16 PUI
17 PUI
18 PUI
19 PUI
20 PUI
21 PUI
22 PUI
23 PUI
24 PUI
25 PUI
26 PUI
27 PUI
28 PUI
29 PUI
30 PUI
31 PUI
32 PUI
33 PUI
34 PUI
35 PUI
36 PUI
37 PUI
38 PUI
39 PUI
40 PUI
41 PUI
42 PUI
43 PUI
44 PUI
45 PUI
46 PUI
47 PUI
48 PUI
49 PUI
50 PUE

#[ CONNECTS ]
1      2    36    1
2      3    35    1
3      4    35    1
4      5    35    1
5      6    35    1
6      7    35    1
7      8    35    1
8      9    35    1
9     10    35    1
10    11    35    1
11    12    35    1
12    13    35    1
13    14    35    1
14    15    35    1
15    16    35    1
16    17    35    1
17    18    35    1
18    19    35    1
19    20    35    1
20    21    35    1
21    22    35    1
22    23    35    1
23    24    35    1
24    25    35    1
25    26    35    1
26    27    35    1
27    28    35    1
28    29    35    1
29    30    35    1
30    31    35    1
31    32    35    1
32    33    35    1
33    34    35    1
34    35    35    1
35    36    35    1
36    37    35    1
37    38    35    1
38    39    35    1
39    40    35    1
40    41    35    1
41    42    35    1
42    43    35    1
43    44    35    1
44    45    35    1
45    46    35    1
46    47    35    1
47    48    35    1
48    49    35    1
49    50    35    1
